86
50
12
30
142
68
40
30
46
46
3
96
107
91
46
2
33
71
1
118
17
115
114
137
101
132
44
132
34
78
120
139
76
76
19
84
89
107
83
76
97
32
25
136
75
112
134
70
138
51
49
88
124
45
79
124
128
110
107
121
110
83
22
126
56
20
88
56
105
25
24
105
67
133
81
46
67
61
80
138
110
91
44
75
44
57
46
9
136
112
75
111
72
25
53
132
136
56
98
17
88
89
22
22
17
55
17
107
139
17
67
60
130
42
45
40
26
21
40
32
71
38
102
35
76
54
71
7
120
95
95
69
127
107
95
71
45
46
135
6
31
131
132
115
74
64
70
128
89
45
45
8
56
67
15
97
122
8
22
6
40
3
22
86
62
62
73
107
88
7
84
84
88
15
14
109
37
121
140
137
118
104
122
105
100
19
70
61
98
100
115
62
35
142
55
85
29
34
12
85
74
108
112
98
98
90
47
92
144
116
77
2
25
2
2
124
131
114
51
108
108
43
18
73
4
119
100
48
132
70
120
88
96
2
68
135
54
23
20
105
25
87
7
75
34
21
93
1
21
130
3
24
142
130
134
84
29
83
23
83
23
6
108
98
38
70
71
71
27
73
80
42
83
118
60
13
10
32
75
11
119
47
58
118
106
14
10
55
65
47
90
68
73
47
139
77
98
70
34
141
68
70
70
70
140
19
103
105
103
41
103
79
143
40
110
37
131
19
28
120
49
53
100
61
10
34
47
115
6
140
142
123
124
63
102
4
71
71
125
58
53
53
81
125
19
34
130
94
3
41
58
65
1
115
91
55
87
2
55
14
14
1
70
124
59
125
125
29
48
121
121
106
28
106
76
26
74
99
74
88
14
12
28
10
8
37
37
122
140
77
18
77
79
60
66
90
64
91
33
77
25
25
7
13
93
100
25
113
91
71
135
86
56
108
86
58
33
35
74
63
84
39
84
67
102
127
122
107
122
16
35
9
125
76
57
17
4
4
89
125
35
124
143
124
124
39
65
15
100
65
104
81
54
122
46
98
124
42
124
79
79
140
61
142
31
38
22
52
130
92
92
64
52
67
28
69
112
43
56
48
16
139
135
39
12
54
64
136
128
5
113
78
59
83
79
55
49
136
114
49
100
80
16
117
44
57
133
121
90
57
88
109
73
5
138
61
115
18
66
44
21
60
28
77
46
83
138
138
20
92
13
75
51
45
97
5
98
67
107
97
18
73
73
110
98
11
92
29
108
70
90
99
122
122
122
118
144
76
36
122
20
20
73
50
137
91
118
75
94
143
126
82
140
46
55
73
31
92
75
71
41
15
27
17
138
129
102
39
122
46
25
36
11
33
11
131
111
65
17
5
17
118
23
26
23
110
23
26
53
5
87
87
5
18
122
5
79
93
111
87
117
25
98
93
30
144
112
144
104
8
30
135
12
120
112
88
77
112
60
45
47
45
103
45
45
47
45
45
114
106
32
2
87
87
64
49
99
105
35
120
93
69
18
4
62
144
27
16
113
96
89
135
75
110
127
14
38
43
103
51
9
54
92
8
84
63
143
46
130
2
75
2
123
64
30
91
59
38
49
69
48
112
68
99
105
20
89
74
31
89
101
79
55
8
23
22
25
4
4
22
75
110
122
38
122
122
67
61
51
110
42
74
112
51
51
87
72
130
81
63
37
81
13
16
50
21
16
62
144
127
82
127
41
21
130
16
77
135
9
96
1
132
74
20
127
66
26
9
99
132
104
127
103
23
45
71
98
42
110
141
28
3
66
66
22
42
99
27
49
129
92
42
140
116
50
67
50
41
50
4
122
74
64
64
98
64
21
80
13
128
22
128
128
77
46
40
15
89
144
124
141
135
141
144
80
38
17
17
51
63
108
8
60
42
97
96
88
18
37
3
48
130
31
107
94
1
82
86
137
12
141
1
19
137
19
80
64
130
67
71
73
61
139
71
134
36
137
70
23
97
50
10
9
74
103
116
4
129
74
15
87
33
61
61
89
87
137
135
10
45
51
140
81
140
25
64
141
31
104
6
44
22
4
22
104
126
63
104
79
67
44
40
48
140
93
125
128
7
20
91
116
34
140
63
121
127
142
26
113
26
138
119
57
119
136
76
7
2
103
18
117
80
119
75
28
131
19
39
16
106
100
110
56
90
28
144
79
135
56
30
80
13
79
102
80
12
102
139
124
16
19
132
126
83
97
92
127
105
52
69
83
9
113
52
17
123
74
143
29
43
120
135
12
93
121
35
100
108
111
36
56
56
41
44
114
117
137
127
3
101
1
66
53
10
66
66
18
85
16
66
87
71
71
10
102
22
55
89
98
6
104
7
104
53
89
130
81
73
9
42
121
84
24
39
86
121
18
58
14
12
129
113
111
70
12
69
27
34
122
120
125
66
113
141
90
105
28
141
46
143
140
105
144
80
111
8
98
44
121
83
128
95
99
59
103
20
31
72
75
105
33
20
33
73
79
122
64
59
64
8
36
3
87
64
57
18
123
120
94
3
35
125
5
122
49
90
117
45
49
116
28
98
113
50
17
124
103
73
138
115
56
90
66
82
138
100
29
120
64
26
16
82
71
57
22
125
32
69
32
37
112
44
76
9
10
76
111
29
76
76
116
107
128
111
122
128
83
56
58
48
61
133
67
67
34
64
42
16
33
128
53
4
33
4
70
27
138
118
58
112
36
112
88
88
88
88
10
88
88
96
70
98
70
100
74
35
117
87
114
112
116
116
69
114
59
95
13
90
32
133
25
121
13
32
71
71
71
11
122
90
33
114
47
132
50
75
86
103
60
103
97
85
49
85
3
2
49
78
100
132
78
134
84
134
78
59
137
56
131
49
56
129
35
137
90
40
99
34
40
57
105
67
122
122
16
16
26
16
121
55
57
42
57
138
126
118
47
98
31
76
15
76
15
49
19
102
28
16
122
6
61
24
134
83
33
142
3
70
70
71
70
126
103
37
4
57
47
86
44
4
63
118
94
94
33
94
116
63
45
125
92
132
82
125
81
26
14
131
74
81
53
9
126
143
132
8
116
128
58
7
64
106
124
5
77
14
5
24
69
24
31
122
66
73
119
11
112
81
6
6
26
4
100
85
28
117
121
34
29
112
105
66
105
66
43
141
122
102
34
42
93
21
89
59
97
64
81
138
59
8
138
138
90
11
93
70
138
40
61
142
142
142
119
42
118
115
135
137
77
38
11
137
8
112
74
75
19
105
126
45
29
37
56
133
38
112
119
10
68
120
121
107
72
44
31
73
52
105
50
144
15
25
40
111
144
95
102
82
42
41
24
122
56
117
127
103
35
17
4
62
130
62
140
13
131
80
80
17
80
140
56
120
142
21
37
120
69
72
103
103
59
13
138
20
106
96
27
56
135
143
97
85
113
99
140
95
72
124
140
31
83
95
80
138
37
102
85
54
67
123
97
139
144
3
97
34
94
112
52
138
93
100
24
111
35
100
54
126
63
130
43
51
54
