122
136
17
41
17
41
28
41
96
52
38
38
52
52
38
57
24
4
128
4
128
91
128
138
10
13
49
127
13
13
72
13
70
70
128
137
70
81
74
81
126
138
4
126
126
126
4
4
134
134
134
134
134
95
134
121
135
111
135
48
97
144
48
135
53
53
53
53
53
53
71
53
19
132
19
86
19
19
19
19
75
137
91
97
134
4
137
91
139
42
139
88
88
59
78
78
112
112
112
12
122
112
122
12
49
69
65
69
69
69
69
29
85
124
85
48
132
48
132
132
57
39
18
41
31
15
57
68
34
34
120
31
34
34
34
33
36
59
36
22
22
2
43
12
77
105
77
81
105
105
77
81
118
103
21
12
17
103
21
118
26
44
19
26
26
123
19
26
55
55
68
39
10
55
55
26
123
64
123
126
123
69
106
69
28
28
26
28
28
28
28
121
97
33
131
26
26
97
137
26
12
83
114
83
131
76
50
50
30
34
137
137
144
32
85
32
59
141
65
123
108
123
65
114
75
75
48
75
48
75
75
75
129
129
129
59
129
129
129
129
73
138
73
7
73
59
7
138
126
126
78
142
53
126
78
126
20
1
56
1
20
1
1
61
12
114
133
98
17
98
22
98
47
103
109
47
47
47
109
47
33
33
33
33
41
93
33
93
54
65
113
54
36
36
58
65
25
100
67
30
25
79
67
30
122
29
1
1
93
76
111
1
25
127
8
7
54
100
8
78
138
15
138
138
138
15
138
138
70
50
50
123
50
81
50
35
75
39
68
41
134
68
39
134
114
12
91
54
65
54
12
114
4
70
83
7
83
58
70
4
108
66
12
66
108
130
130
68
16
76
86
138
101
107
144
76
52
25
52
52
70
52
6
52
135
123
135
93
93
93
93
93
106
18
106
92
18
18
25
106
54
54
54
54
54
54
54
54
59
84
59
97
121
121
121
59
33
9
33
97
33
33
33
9
64
105
64
64
18
97
64
16
117
5
23
23
61
5
5
117
43
86
43
65
86
128
43
128
93
93
93
93
93
93
93
93
65
124
140
86
86
22
105
32
94
106
80
105
106
103
103
66
32
45
29
29
29
29
94
112
46
30
105
105
30
76
76
46
87
36
35
36
137
35
87
131
57
43
72
43
128
128
43
65
39
55
39
135
135
135
102
16
135
135
135
98
135
99
98
135
1
1
1
1
1
1
1
1
136
12
136
72
54
54
136
54
34
139
82
139
82
34
33
139
19
101
101
98
101
101
101
101
48
76
76
130
76
76
76
76
56
143
56
51
28
118
132
46
84
84
27
23
84
84
84
144
68
68
68
53
68
68
1
68
131
131
52
131
131
98
131
19
72
91
142
97
88
114
97
130
144
63
63
70
63
63
63
36
97
97
97
97
97
97
97
97
48
122
25
25
25
25
122
25
110
60
5
125
100
46
84
60
24
24
29
64
128
19
24
19
84
5
84
131
84
84
84
115
70
70
70
70
70
70
43
70
127
86
86
127
54
131
86
74
143
67
126
11
67
11
15
11
129
68
112
70
127
91
91
112
73
25
73
73
73
73
73
73
99
70
89
97
133
99
133
109
130
106
101
94
122
130
130
39
65
12
65
65
12
65
65
65
121
127
57
121
23
121
127
57
108
37
108
108
37
108
108
108
63
69
35
35
24
54
35
63
99
99
99
99
99
99
99
93
48
138
138
11
132
30
19
19
63
26
38
95
44
44
20
26
64
64
64
64
64
70
70
70
8
8
33
46
100
33
37
33
9
100
100
113
113
42
11
18
117
117
117
117
96
117
117
117
15
99
99
23
99
99
15
99
43
65
43
140
33
24
25
33
25
105
28
25
136
105
52
71
106
23
94
101
23
118
101
101
130
122
28
76
130
122
28
122
126
31
135
31
18
54
31
31
89
64
35
120
64
89
89
89
75
37
37
37
15
85
37
75
25
17
128
24
17
17
128
143
3
96
3
40
96
3
26
3
60
103
70
144
34
144
34
29
114
64
114
23
23
3
114
64
37
37
67
52
20
37
52
37
87
110
87
91
55
118
110
132
6
37
35
33
33
35
137
137
95
127
17
17
59
17
59
48
53
21
67
52
53
84
53
58
62
7
62
36
17
62
62
138
83
58
65
83
1
32
58
32
17
135
20
44
136
20
17
122
46
143
19
120
143
143
83
143
82
10
10
10
82
82
82
39
117
95
116
18
99
86
99
99
112
10
112
120
27
107
10
112
94
29
116
116
14
116
42
116
90
109
95
95
83
95
30
83
104
104
134
117
58
45
91
104
140
24
84
140
140
84
84
140
45
103
103
140
45
80
45
88
50
110
52
50
82
110
52
50
137
96
96
65
96
84
140
96
46
71
71
64
129
71
21
71
60
132
16
90
26
90
132
90
72
36
94
124
116
124
94
124
81
81
77
81
81
81
81
81
80
80
80
80
80
80
22
115
111
111
111
59
36
111
111
111
120
46
120
120
120
120
120
120
49
21
49
90
29
38
49
30
136
50
136
123
113
123
113
123
79
77
77
79
77
79
77
79
87
128
2
51
87
51
87
125
130
27
27
15
15
61
27
27
61
6
118
116
111
51
61
3
124
124
116
128
116
113
124
116
139
16
140
85
16
39
85
140
65
101
65
65
6
91
94
65
9
63
78
9
9
63
63
118
125
99
51
118
125
125
118
60
131
131
71
139
131
71
71
131
121
23
100
139
139
121
121
118
61
39
61
61
113
136
113
61
50
37
37
50
52
50
95
50
34
107
107
34
34
34
99
132
83
83
43
43
126
138
104
43
78
4
78
78
81
127
127
127
50
53
53
52
96
81
81
53
15
115
115
3
110
3
142
115
10
29
10
10
10
24
10
24
86
64
64
64
64
64
128
41
60
97
115
63
63
63
81
97
70
126
107
61
70
70
70
61
55
65
65
65
46
39
65
65
132
38
131
58
58
132
58
132
139
139
52
91
4
91
69
52
121
2
2
2
96
133
96
2
30
20
103
47
85
30
130
85
97
97
97
136
116
136
33
136
33
3
65
65
65
109
28
3
8
8
62
8
8
1
126
1
6
142
6
8
120
117
83
7
35
40
85
111
40
40
143
40
57
37
37
117
100
5
82
117
112
58
58
48
119
119
119
58
140
119
71
140
54
54
119
3
49
40
22
12
12
68
12
49
122
128
52
122
108
95
122
52
9
9
9
9
64
59
75
88
85
85
85
88
85
85
85
85
8
29
52
31
95
53
110
110
52
32
32
52
29
144
29
52
110
110
38
38
16
38
63
16
4
67
113
3
3
67
3
113
101
68
11
101
108
101
11
11
121
99
73
69
121
129
129
129
89
76
43
89
89
72
134
79
82
116
73
73
144
116
144
144
101
78
105
101
105
117
105
105
61
84
32
61
111
32
32
32
115
115
115
115
115
115
115
115
139
139
139
139
52
139
139
139
39
38
34
123
38
38
47
67
48
142
143
48
48
48
48
48
68
131
126
6
120
11
126
