20
4
41
8
68
137
75
47
117
54
129
99
49
49
5
49
123
17
74
123
136
74
118
17
75
38
121
60
75
11
121
38
29
32
106
111
118
96
26
22
129
15
50
77
143
71
42
31
37
73
141
36
53
136
70
25
139
129
71
36
67
118
10
85
1
125
101
35
62
55
95
96
139
66
76
45
132
48
54
87
12
77
25
43
103
11
11
32
15
109
26
62
34
78
43
140
120
15
31
89
31
3
77
49
16
138
137
1
39
110
1
58
44
88
142
1
14
97
17
115
38
38
59
41
73
31
38
57
83
110
110
42
79
106
28
6
67
143
56
16
9
41
9
69
62
22
80
117
22
43
61
20
80
37
133
125
40
143
17
53
111
67
15
46
131
111
121
10
91
109
48
8
36
68
134
14
41
107
38
54
38
56
107
56
89
137
47
144
72
31
99
138
93
117
15
124
21
32
88
21
23
76
138
141
118
87
27
87
96
16
2
127
78
33
126
63
78
56
62
85
45
78
121
45
107
51
103
67
13
124
83
67
70
25
119
118
82
44
70
125
8
54
46
37
106
119
37
77
21
21
135
135
39
138
135
139
142
102
79
5
127
62
106
69
21
77
138
16
64
16
62
115
111
99
44
100
80
40
40
86
57
73
21
19
55
134
34
33
34
88
53
20
66
55
83
122
139
139
37
82
116
37
125
144
44
96
140
26
96
27
21
61
25
31
18
131
77
64
18
135
46
27
41
11
124
97
76
15
70
67
76
95
36
7
137
18
89
128
135
104
88
61
22
99
9
75
122
80
18
34
38
70
116
38
12
61
26
113
6
90
50
42
16
83
11
79
98
11
64
111
86
124
140
51
125
109
32
118
110
32
91
102
76
102
104
125
125
93
47
80
78
48
69
67
20
93
133
107
9
4
87
132
38
111
134
119
96
116
88
67
71
111
51
118
121
138
64
36
46
138
24
60
60
64
105
36
90
3
19
3
90
19
28
16
94
144
53
89
105
5
20
22
42
48
89
21
127
15
113
113
49
33
120
18
113
66
142
83
77
14
67
60
90
74
140
32
137
3
8
137
95
19
68
89
113
21
61
21
55
48
41
144
69
81
134
132
12
135
51
86
131
64
58
64
86
57
10
111
22
4
128
111
47
16
70
11
12
11
11
11
54
112
64
62
101
124
69
125
24
94
85
118
51
112
91
32
20
20
113
72
81
119
132
30
81
131
89
97
9
46
89
9
111
40
81
99
99
86
43
141
118
134
125
80
3
8
27
134
40
125
47
82
21
72
1
126
82
140
10
115
58
93
27
16
10
8
141
99
139
53
108
50
142
30
127
103
77
40
109
78
86
69
20
14
50
115
64
54
143
123
144
144
144
98
144
121
144
84
128
10
101
101
115
128
111
25
34
133
136
105
112
97
133
57
11
121
100
88
100
86
50
120
80
109
126
29
73
115
143
115
134
111
99
32
50
99
26
26
113
109
63
109
63
121
40
28
17
36
87
56
75
133
36
66
24
103
135
132
103
138
16
24
31
7
133
13
20
14
43
17
134
14
87
41
12
6
69
87
56
73
73
71
33
85
12
114
58
89
135
74
45
51
70
22
92
10
10
133
48
57
92
48
132
43
73
52
64
29
82
28
38
47
101
66
123
35
46
100
77
2
8
14
75
131
70
8
91
30
30
16
124
58
48
22
80
107
137
132
81
80
138
62
11
29
29
24
3
3
29
29
19
27
130
23
113
93
102
39
88
88
88
17
77
134
50
88
47
139
5
43
121
66
135
78
29
70
70
33
17
68
43
16
61
126
11
61
8
40
41
52
89
77
32
69
127
45
144
93
100
98
47
100
51
121
44
38
99
79
82
13
120
82
64
120
131
68
29
140
85
76
5
141
21
85
21
85
26
43
1
57
64
121
76
64
31
33
61
33
81
102
47
47
99
119
73
2
64
10
57
35
66
18
67
5
133
46
135
119
25
95
49
73
80
89
89
29
114
77
12
1
122
75
17
114
36
3
46
18
124
142
22
106
15
77
17
44
48
34
126
17
71
132
143
41
102
137
28
137
3
123
38
123
119
3
138
27
16
100
80
138
12
139
27
116
10
136
88
109
106
106
139
139
35
84
141
141
90
85
126
4
53
53
78
142
86
71
126
100
109
86
65
71
31
55
133
40
124
38
2
40
15
53
37
15
83
83
113
109
67
126
20
25
42
67
42
105
55
71
55
125
97
96
95
45
126
79
126
47
126
127
16
112
91
134
71
71
91
71
139
102
27
87
102
36
134
130
21
102
62
21
134
32
6
37
114
132
90
133
133
72
90
115
34
92
109
115
59
132
93
97
58
59
76
7
44
7
137
20
36
4
140
126
55
8
129
140
80
126
131
36
142
97
116
97
108
11
89
63
133
121
78
63
30
112
94
60
93
116
108
12
93
108
53
113
141
136
26
121
29
32
45
114
82
101
42
74
60
59
131
36
29
29
131
82
78
2
87
70
108
142
62
101
12
66
89
53
8
69
131
82
41
138
105
119
89
89
72
48
105
9
126
64
64
6
31
31
31
20
26
18
32
139
11
53
75
125
116
123
69
5
39
31
123
113
81
89
36
1
25
119
82
29
15
50
28
28
39
14
28
14
20
18
36
110
76
36
120
20
121
74
129
15
67
103
106
106
26
25
19
9
80
41
24
29
117
100
73
100
44
100
100
100
37
53
43
53
75
143
62
80
75
83
83
101
16
123
84
122
10
86
49
40
55
40
70
86
71
16
28
46
133
14
128
28
120
74
27
117
143
57
117
93
135
47
78
59
25
94
114
85
9
6
100
86
88
54
125
9
17
84
34
23
59
65
34
102
38
134
31
24
134
103
117
38
107
50
101
103
20
24
74
20
37
142
106
120
138
120
7
52
116
101
142
105
75
99
43
60
2
143
143
2
18
130
143
126
26
26
26
140
134
69
121
26
70
6
131
6
70
6
19
44
31
140
7
110
143
140
25
83
132
8
8
80
103
36
38
144
41
84
92
130
120
84
120
128
96
117
142
16
133
72
127
26
72
92
107
116
107
114
116
61
127
12
127
39
131
127
34
97
86
85
85
112
88
30
85
14
138
58
65
138
21
61
81
116
47
132
25
12
7
98
76
90
62
100
82
124
55
18
98
26
117
31
81
83
83
62
133
60
128
80
80
45
45
73
105
35
91
5
91
20
45
121
19
36
81
29
51
22
95
11
20
75
77
125
135
144
50
87
46
109
18
79
131
124
76
23
76
4
143
143
56
18
137
70
85
82
18
121
32
76
125
120
121
12
98
71
59
110
59
45
87
10
58
65
62
92
82
28
65
71
52
52
63
127
97
30
71
29
59
41
8
59
75
55
101
101
26
11
25
32
111
8
4
65
26
67
59
115
84
139
25
142
66
50
66
50
138
142
81
60
141
141
36
25
68
62
133
68
4
19
87
135
48
14
100
67
88
11
124
127
127
58
110
13
53
130
130
48
143
11
135
